0.058985 0.0807267 0.0143801 0.012781 0.0715177 0.0543728 0.0119679 0.0184807 0.0220033 0.0178138 0.0224716 0.0163365 0.106608 0.21148 0.035946 0.0936837 0.0591322 0.017238 0.066433 0.00764185 
0.00253539 0.0835296 0.0286071 0.00552609 0.081346 0.0161386 0.00969152 0.281977 0.0590197 0.0217704 0.0756412 0.0168349 0.154792 0.0215217 0.00672044 0.0344147 0.0289377 0.0264272 0.0385378 0.00603118 
0.012408 0.0120224 0.0191207 0.0188487 0.0361899 0.0534425 0.0497453 0.0380426 0.0187658 0.00976071 0.0473343 0.0362755 0.0366443 0.0128387 0.180814 0.0594916 0.21308 0.0455791 0.0315516 0.0680442 
0.0125427 0.0430741 0.0211689 0.0439484 0.102677 0.038183 0.0181458 0.017933 0.133901 0.00657837 0.0302362 0.0160415 0.055388 0.0190011 0.0154417 0.0307402 0.129591 0.00464222 0.0360909 0.224676 
0.0151358 0.0495351 0.0249658 0.00183628 0.0401941 0.0126615 0.036784 0.0153202 0.0910782 0.0648106 0.0125579 0.0102582 0.00385831 0.0185549 0.0317293 0.332888 0.00944254 0.0462235 0.111289 0.0708771 
0.00556792 0.0346759 0.0359037 0.0334866 0.0672084 0.0350054 0.0324619 0.0386821 0.141589 0.0151711 0.0950385 0.00674818 0.083328 0.018363 0.0233614 0.0127925 0.177751 0.00756317 0.0362007 0.0991011 
0.00556792 0.0346759 0.0359037 0.0334866 0.0672084 0.0350054 0.0324619 0.0386821 0.141589 0.0151711 0.0950385 0.00674818 0.083328 0.018363 0.0233614 0.0127925 0.177751 0.00756317 0.0362007 0.0991011 
0.0108532 0.0327468 0.0309098 0.0339378 0.0599987 0.209399 0.0387597 0.0305976 0.0501461 0.0321212 0.0641545 0.0428122 0.0377708 0.0306687 0.0717453 0.0487633 0.0616273 0.0357402 0.0420117 0.0352365 
0.010701 0.038472 0.016066 0.0562349 0.267191 0.0545932 0.0643292 0.0278698 0.082797 0.0257729 0.0692049 0.0212586 0.0180333 0.0384704 0.0138654 0.00944261 0.0929781 0.0377382 0.0239378 0.0310433 
0.0159248 0.0453135 0.0156189 0.014191 0.0660483 0.0266254 0.0406804 0.379839 0.0012439 0.130926 0.0515277 0.0811246 0.0111615 0.0218728 0.0109968 0.0101558 0.0052011 0.0138193 0.0225668 0.0351627 
0.0211991 0.108783 0.0134643 0.0794361 0.0807121 0.0193483 0.066901 0.0556189 0.0356316 0.0284457 0.0457301 0.0490267 0.0986306 0.0670729 0.0243687 0.0253832 0.0629264 0.0287089 0.0233354 0.065277 
0.0202125 0.0111118 0.084679 0.0115186 0.0189798 0.00814068 0.139472 0.0170313 0.0271213 0.0415745 0.0132648 0.00883285 0.0664259 0.414537 0.0125639 0.0407357 0.0134364 0.0202353 0.00481656 0.0253099 
0.0173019 0.0635813 0.037213 0.0394134 0.0512608 0.0460337 0.0509935 0.0309103 0.0692495 0.0409249 0.0298883 0.0274918 0.0620056 0.0361718 0.0542823 0.0356362 0.122355 0.0123257 0.0638091 0.109152 
0.0506213 0.00560775 0.00892797 0.108933 0.0511358 0.0241517 0.0469424 0.0304509 0.0183388 0.0290567 0.0721965 0.0235722 0.0477756 0.210149 0.0225834 0.0776301 0.00747549 0.0281134 0.0213352 0.115002 
0.111155 0.134908 0.0122485 0.0112483 0.013568 0.323044 0.00484979 0.0142354 0.0114227 0.02375 0.0245412 0.0444855 0.0250061 0.0690219 0.0046781 0.00618719 0.0633002 0.0204152 0.00927048 0.0726652 
0.0283368 0.00883671 0.0608801 0.0484707 0.0230535 0.0198211 0.0456247 0.325052 0.00700358 0.0454952 0.0279112 0.0791849 0.0529331 0.022719 0.0358642 0.048687 0.0466721 0.0182502 0.0149864 0.0402179 
0.039226 0.0527805 0.043657 0.11436 0.0342022 0.0246253 0.059257 0.0753319 0.0183058 0.0677774 0.0250642 0.0209331 0.0270031 0.0313255 0.0345461 0.042553 0.149189 0.0538612 0.0396111 0.0463902 
0.0403152 0.209384 0.0593605 0.0360353 0.0171696 0.0180816 0.0151126 0.13046 0.034573 0.0182655 0.0345078 0.0298156 0.0168894 0.146364 0.0553833 0.010849 0.0696748 0.0203044 0.028472 0.0089824 
0.066494 0.0141712 0.0408125 0.0449523 0.072403 0.0355305 0.0405975 0.0521821 0.0462686 0.0626768 0.0231845 0.0149832 0.024402 0.096409 0.00913174 0.037084 0.136258 0.0149962 0.113245 0.054218 
0.00438022 0.0396036 0.0503105 0.0267481 0.0893921 0.0174492 0.0224199 0.0552892 0.139067 0.0173685 0.0659289 0.00539819 0.0891124 0.0174196 0.0209241 0.00671207 0.152014 0.00365614 0.0408134 0.135992 
0.00278554 0.026003 0.0409094 0.02371 0.0787244 0.0175066 0.0184786 0.0616375 0.128654 0.0161937 0.117948 0.00337589 0.0852324 0.0157277 0.020458 0.00639853 0.182977 0.00490759 0.0418287 0.106543 
0.109358 0.0492769 0.0161701 0.0347962 0.0296352 0.0436013 0.0123551 0.0185861 0.0979127 0.0154935 0.104026 0.0392216 0.0938109 0.0132608 0.166533 0.00634574 0.0234792 0.0110818 0.0447726 0.0702831 
0.0358953 0.0431933 0.0234224 0.0565933 0.0185867 0.0606994 0.0338891 0.0301049 0.0496772 0.117044 0.0492019 0.0274631 0.0592471 0.051796 0.0620376 0.0754291 0.0407534 0.0891035 0.0261819 0.0496811 
0.0200876 0.166021 0.014673 0.0330408 0.047086 0.0148254 0.0145254 0.046731 0.0459664 0.0287307 0.0408803 0.118837 0.0538953 0.0450649 0.167837 0.0122116 0.0653087 0.0121201 0.0411816 0.0109759 
0.0252996 0.0359942 0.0584542 0.0364139 0.0783027 0.0216405 0.0389428 0.0852006 0.054044 0.0214936 0.0509666 0.00823533 0.111447 0.0793764 0.065788 0.0346017 0.0548594 0.0282069 0.0369768 0.0737554 
0.0127301 0.0599008 0.0437394 0.0391202 0.097141 0.029523 0.0375447 0.0406555 0.10778 0.0251827 0.0867542 0.0224722 0.0840801 0.0325132 0.0301215 0.0160656 0.12275 0.0115336 0.0413845 0.0590082 
0.00438022 0.0396036 0.0503105 0.0267481 0.0893921 0.0174492 0.0224199 0.0552892 0.139067 0.0173685 0.0659289 0.00539819 0.0891124 0.0174196 0.0209241 0.00671207 0.152014 0.00365614 0.0408134 0.135992 
0.0319859 0.017781 0.0206535 0.0249041 0.0352614 0.052581 0.0674068 0.0611249 0.0500475 0.200792 0.0368939 0.0279635 0.0572624 0.0578197 0.0276666 0.0642058 0.0268097 0.0361218 0.0719922 0.0307269 
0.0375733 0.108724 0.0989648 0.0309691 0.0521618 0.0218046 0.0565126 0.0486526 0.0887422 0.0295727 0.0393829 0.0287642 0.0414884 0.0419411 0.0207114 0.0562739 0.0538149 0.0330612 0.075914 0.0349705 
0.0147033 0.0125145 0.00683367 0.0963237 0.102483 0.0256387 0.0202006 0.152031 0.0145576 0.00937963 0.0442454 0.0336158 0.0585067 0.0123646 0.0218578 0.0289159 0.0671175 0.213326 0.0412802 0.024104 
0.00850428 0.0104319 0.0298799 0.0293908 0.0198885 0.0340099 0.00713143 0.0302655 0.0215956 0.0572717 0.0320113 0.024063 0.383014 0.147703 0.0192953 0.0187355 0.0692317 0.0121625 0.019128 0.0262857 
0.0401155 0.114416 0.0611834 0.0330517 0.0534639 0.0588979 0.0324458 0.0640628 0.0274304 0.105282 0.033681 0.034977 0.0470348 0.0468843 0.0358261 0.038823 0.0430453 0.0392658 0.0662577 0.0238559 
0.0175145 0.0152711 0.0358395 0.0129156 0.0325986 0.250777 0.0271694 0.117514 0.0296941 0.0335551 0.0177878 0.0110594 0.0972923 0.107504 0.0352186 0.0228561 0.0142839 0.0450058 0.0239069 0.0522367 
0.00770844 0.0329142 0.0341394 0.0628623 0.0844343 0.0391022 0.0260262 0.0396689 0.0714418 0.0173858 0.0556773 0.0119874 0.0738533 0.0337547 0.0452682 0.0189439 0.168702 0.0153955 0.0583395 0.102394 
0.00440002 0.025285 0.0918024 0.0140597 0.0358933 0.0127876 0.0282427 0.068405 0.0179782 0.351948 0.01618 0.023839 0.0128157 0.0258164 0.0277092 0.111562 0.025531 0.00246815 0.0548086 0.0484686 
0.0521461 0.01807 0.0331124 0.0650972 0.0638579 0.0767676 0.0602418 0.0346027 0.035874 0.0402562 0.0423628 0.0559101 0.0485034 0.10228 0.0542609 0.0792926 0.0167356 0.0324402 0.0325824 0.0556064 
0.0225352 0.227776 0.0459086 0.0433189 0.0637377 0.0395537 0.0327 0.0268579 0.0964664 0.0449177 0.0770109 0.0350737 0.0178241 0.0385985 0.0261276 0.0170203 0.0340347 0.0235632 0.0488291 0.0381459 
0.0402516 0.0267425 0.0169996 0.0404338 0.0546918 0.0474273 0.0309732 0.0103554 0.0307326 0.0907259 0.0218701 0.0274223 0.0355186 0.0487354 0.0350885 0.0421175 0.276359 0.0268344 0.0276891 0.0690316 
0.000759098 0.000328316 0.000316306 0.0221104 0.0103589 0.014327 0.0222953 0.0125845 0.0143456 0.000764009 0.78876 0.00379348 0.000544528 0.00392009 0.0187248 0.0471948 0.000562369 0.00071216 0.0368788 0.000719297 
0.00388427 0.00570275 0.279157 0.0264893 0.0192514 0.0216618 0.0229392 0.0060198 0.00284426 0.00555066 0.00912942 0.0321508 0.00724681 0.0733627 0.356502 0.0078829 0.0511824 0.0245809 0.0345222 0.00993996 
0.0639605 0.0329136 0.265356 0.0332353 0.0486045 0.0526559 0.0593628 0.0182526 0.0265101 0.0517429 0.0167913 0.0944935 0.0715999 0.0281534 0.0210355 0.0162603 0.0609301 0.00872151 0.015442 0.0139783 
0.0551786 0.0468798 0.0131571 0.014214 0.0121967 0.0806727 0.11108 0.00686578 0.0245132 0.00620865 0.13023 0.00673074 0.0405491 0.0103646 0.137708 0.0391245 0.155298 0.016547 0.0276563 0.0648252 
0.0625647 0.0449826 0.00836259 0.0446867 0.0302353 0.0593167 0.0182899 0.0127872 0.101994 0.0089711 0.0488519 0.0253436 0.0407568 0.0112459 0.0192055 0.01038 0.0208369 0.154556 0.225682 0.0509509 
0.0388819 0.188227 0.0128105 0.0109939 1.85084e-05 0.0785117 0.285639 0.000275982 0.00489538 0.075444 0.100999 0.0219964 0.031933 0.0212448 0.0102997 8.29092e-07 0.0221207 0.003458 0.0918914 0.00035866 
0.0228054 0.0333839 0.0609517 0.0345085 0.068233 0.0620376 0.0559472 0.0476935 0.0357823 0.136224 0.0320106 0.0423895 0.0544748 0.0646395 0.0276665 0.0274298 0.023431 0.00996813 0.0823846 0.0780386 
0.0046564 0.0169953 0.026694 0.0673226 0.100475 0.0523142 0.0581606 0.0209607 0.224516 0.00590653 0.0202193 0.00368644 0.0583071 0.0267533 0.0099096 0.0233902 0.100131 0.00713829 0.0339359 0.138528 
0.00744743 0.0107209 0.0691595 0.0232174 0.0331892 0.0418761 0.0758717 0.194257 0.0268796 0.0831313 0.0741461 0.100473 0.0260134 0.0299945 0.0509592 0.0188674 0.0080293 0.0398359 0.0234724 0.0624587 
0.0140257 0.0176769 0.0220219 0.0170018 0.0156972 0.0204563 0.0076579 0.0104846 0.102839 0.0201596 0.00730863 0.0274317 0.0337059 0.0400286 0.0158236 0.540646 0.0235619 0.0279897 0.0136277 0.0218556 
0.0144924 0.101208 0.0345562 0.0692714 0.0546996 0.0276159 0.0246337 0.134263 0.0288739 0.0244433 0.111479 0.0654823 0.027891 0.0404528 0.0210184 0.0122079 0.0775883 0.0689911 0.0155931 0.0452382 
0.0455584 0.0238357 0.458845 0.02357 0.0305797 0.0187307 0.0335085 0.0267818 0.00797743 0.0259131 0.038475 0.0303566 0.0379847 0.0251139 0.0237455 0.0331245 0.0254154 0.0213504 0.026887 0.042247 
0.0264884 0.0130473 0.0129675 0.0348214 0.0404858 0.0524962 0.0966262 0.127102 0.0148431 0.0925013 0.0549641 0.109312 0.0510135 0.0744442 0.0477852 0.0203123 0.0282515 0.0380774 0.0229463 0.0415145 
0.00556792 0.0346759 0.0359037 0.0334866 0.0672084 0.0350054 0.0324619 0.0386821 0.141589 0.0151711 0.0950385 0.00674818 0.083328 0.018363 0.0233614 0.0127925 0.177751 0.00756317 0.0362007 0.0991011 
0.0556266 0.0169647 0.0171123 0.0434745 0.0788516 0.0791106 0.0256763 0.0498396 0.0283434 0.150431 0.0456811 0.0815631 0.052065 0.032748 0.0323363 0.0441002 0.0456989 0.0503764 0.0446577 0.0253429 
0.0306892 0.0260437 0.00498653 0.0742902 0.0205966 0.121734 0.0669444 0.0311216 0.0780848 0.106246 0.0132076 0.0428836 0.149956 0.0325076 0.0159361 0.0228933 0.0518571 0.0586502 0.0225013 0.0288695 
1.79239e-05 0.206497 5.50402e-05 0.0628267 3.99786e-05 1.44605e-08 0.296846 1.98148e-05 0.347099 7.78287e-05 0.000137807 0.000151218 0.0511558 1.36956e-05 0.0123279 4.60918e-05 1.36846e-08 0.0226185 6.32038e-06 6.34526e-05 
0.00849175 0.0206948 0.0307049 0.043701 0.0254055 0.0620888 0.0154706 0.00500077 0.00914089 0.0254309 0.0641906 0.00883114 0.0130743 0.36667 0.0943801 0.0115258 0.0148257 0.0235674 0.0591837 0.0976208 
0.0278733 0.00645305 0.0254293 0.0671652 0.192715 0.140266 0.0245674 0.0101329 0.0527756 0.0172577 0.0181774 0.0332956 0.0693624 0.0479918 0.0366709 0.0208054 0.0700803 0.0320777 0.06953 0.0373732 
9.28638e-06 0.116747 0.689934 9.04061e-06 0.0265341 0.00540774 8.8405e-06 0.0563322 1.0221e-05 0.02099 8.57407e-06 9.04666e-06 8.8316e-06 0.0204406 8.69119e-06 0.00478666 0.0221479 0.0110898 0.0117787 0.0137387 
0.00663712 0.000584689 0.0190176 0.0054547 0.00323605 0.0193677 0.0653184 0.133571 0.0841804 0.00486517 0.0283238 5.20395e-05 0.00174416 0.000259462 0.00183888 0.0116595 0.0828466 0.11394 0.011788 0.405315 
0.0195933 0.0172244 0.00621932 0.016019 0.0505762 0.0055074 0.283491 0.0101415 0.0138012 0.0030271 0.0250688 0.0180493 0.405879 0.0410233 0.0130657 0.0208937 0.0155519 0.0143055 0.0171196 0.0034435 
0.0112742 0.024575 0.031024 0.146002 0.0416764 0.0826691 0.0589254 0.0729506 0.0493959 0.0290312 0.0224755 0.0326003 0.0357616 0.0345284 0.0310338 0.0884259 0.0786538 0.0581766 0.0425175 0.0283028 
0.0607719 0.0235817 0.0234541 0.0529142 0.0565412 0.0409992 0.0407918 0.0468838 0.0253981 0.0496289 0.0445444 0.0726873 0.0576199 0.0774508 0.0730664 0.0644127 0.0324586 0.0404261 0.0461222 0.0702468 
0.00361398 0.00388649 0.0117378 0.00518583 0.00818618 0.0143064 0.0257068 0.0182932 0.000491775 0.0788716 0.0254383 0.659822 0.0352527 0.0117887 0.00945195 0.0208525 0.00236115 0.048012 0.0012121 0.0155288 
2.5974e-08 0.776672 3.35429e-05 2.02545e-05 0.222727 2.51672e-08 2.47269e-08 3.94087e-05 0.000142968 8.57954e-05 1.92093e-05 1.01467e-05 7.41311e-05 1.90733e-05 2.43092e-08 2.22767e-08 2.38168e-08 4.6514e-05 2.74314e-08 0.000110433 
4.23406e-07 4.29241e-07 3.90285e-07 4.122e-07 0.00113422 4.10254e-07 4.03076e-07 0.0645222 4.66017e-07 0.000147546 3.90929e-07 4.12476e-07 0.000725215 3.8816e-07 3.96269e-07 3.63135e-07 0.933107 4.21007e-07 0.000358178 3.9126e-07 
0.116006 0.372603 0.364627 0.000117052 0.000120985 0.000119147 9.15702e-05 0.000140876 8.0605e-05 7.1241e-05 0.012374 9.53023e-05 0.0339734 0.0582643 9.87186e-05 0.000133117 0.000110249 0.0139815 9.11964e-05 0.0269001 
0.00960435 0.0321921 0.0428983 0.00150799 0.0434356 0.00628645 0.0170476 0.0628311 0.0304057 0.014713 0.0194469 0.0116391 0.00692864 0.389087 0.0632115 0.0417228 0.029052 0.0299526 0.0158561 0.132181 
0.00212882 0.00273637 0.0052273 0.0212559 0.0807961 0.0223322 0.00628725 0.00944688 0.0209387 0.308461 0.193818 0.00346859 0.00188421 0.0742032 0.140597 0.0144023 0.0165772 0.0437272 0.0046819 0.0270301 
0.0396628 0.0441232 0.0315653 0.0544925 0.0499388 0.0326568 0.100862 0.0447783 0.0444748 0.0972317 0.0564624 0.0311502 0.0866886 0.0374471 0.0360271 0.0464854 0.0369911 0.0426163 0.055407 0.0309382 
0.0257481 0.136544 0.0320768 0.0246961 0.0395982 0.0820634 0.0232143 0.0159291 0.0548141 0.0768561 0.0388214 0.0356434 0.0354803 0.082188 0.0203006 0.0234336 0.0815285 0.0377068 0.0878812 0.045476 
0.0289982 0.0176913 0.0573039 0.0828059 0.0486132 0.0459197 0.0236974 0.0299203 0.0509922 0.0533648 0.0272731 0.0564706 0.0905678 0.0344731 0.0653764 0.0509138 0.0452251 0.0880635 0.0609599 0.0413698 
0.14518 0.0358309 0.0178352 0.0175361 0.0844821 0.0460982 0.0244073 0.0107389 0.0276007 0.0964229 0.0307757 0.105188 0.0424685 0.0361291 0.0253346 0.0959981 0.0580209 0.0256606 0.0498553 0.0244373 
0.00490094 0.236553 0.00349955 0.0245226 0.22994 0.0651367 0.00935542 0.134814 0.00446966 0.00670535 0.0253805 0.0293222 0.0475176 0.121175 0.00333735 0.0119595 0.00467395 0.0137215 0.016286 0.00672883 
0.0785585 0.0272213 0.0170436 0.0133342 0.0604758 0.0325812 0.0467342 0.0618308 0.151231 0.0261282 0.0356088 0.0172563 0.0828422 0.0379457 0.0238201 0.033946 0.0681073 0.0140543 0.0895882 0.0816927 
0.0499988 0.0499984 0.0500011 0.0499996 0.0500016 0.0499996 0.0499999 0.0500002 0.049996 0.0500024 0.050001 0.0499995 0.0499999 0.0500009 0.0500004 0.0500028 0.0500009 0.0499989 0.0499971 0.0500009 
0.0309499 0.135852 0.0372152 0.0264889 0.0756989 0.0147409 0.0321488 0.0247453 0.0341247 0.00901593 0.128418 0.0143548 0.0448593 0.0531138 0.0653348 0.0139446 0.158002 0.0151224 0.0317651 0.0541045 
0.0312395 0.000993912 0.00104172 0.000177186 0.0295812 0.0126817 0.0195429 0.0638619 0.00083124 0.637039 0.002265 0.000919528 0.0147472 0.00190306 0.00253137 0.0744105 0.00934766 0.0380705 0.0573891 0.00142625 
0.0136704 0.407728 0.141215 0.0333779 0.129972 0.00477636 0.0210306 4.35814e-05 0.00106583 0.0420804 0.040399 0.00152567 0.0176229 0.0173742 0.00725625 0.0291269 0.0169581 0.00032807 0.0615437 0.0129043 
0.012013 0.00579137 0.0744639 0.0536787 0.164513 0.0373632 0.028881 0.0322058 0.0353339 0.0388967 0.0961897 0.0419143 0.0343027 0.045657 0.154192 0.0310419 0.0382625 0.0207939 0.0157892 0.0387164 
0.0135515 0.0998799 0.0318373 0.0142889 0.0427797 0.0490842 0.0474534 0.0189565 0.0413437 0.0495751 0.00905208 0.0232458 0.029974 0.164863 0.0171305 0.0168852 0.0140387 0.0240876 0.177976 0.113997 
0.020394 0.0665766 0.0300161 0.0931831 0.2637 0.0226324 0.0330283 0.025449 0.0295981 0.122191 0.0411774 0.0499453 0.0265178 0.0143545 0.0204492 0.0307948 0.0143304 0.0515343 0.0204387 0.0236882 
0.0166775 0.0180251 0.0158045 0.0795681 0.0471173 0.0536908 0.052069 0.0254541 0.0455957 0.0282576 0.0350393 0.0401538 0.0321138 0.0329313 0.0363411 0.0832808 0.0701961 0.0733202 0.0569481 0.157416 
0.0385949 0.0382429 0.0266472 0.0409614 0.0476272 0.036788 0.155103 0.0513619 0.0452351 0.0770031 0.0721684 0.034337 0.0488723 0.0743793 0.0324291 0.038892 0.0341155 0.0449595 0.0198346 0.0424475 
0.0221628 0.118818 0.0127996 0.0433557 0.111002 0.0161715 0.0566867 0.109322 0.0479521 0.020833 0.0215014 0.0462988 0.0269735 0.0645663 0.00724035 0.0107757 0.0245918 0.0198551 0.0144118 0.204683 
0.0196886 0.0395881 0.0115229 0.0368983 0.124973 0.020662 0.0505157 0.0743042 0.0552689 0.0309545 0.0810854 0.0627308 0.0482718 0.0264423 0.0534083 0.0660401 0.0353413 0.0253145 0.0474069 0.0895819 
0.011039 0.025116 0.0289868 0.0325663 0.0542432 0.0440245 0.0677915 0.075135 0.0647921 0.0543308 0.0562665 0.0549106 0.0572387 0.0348518 0.0401568 0.045382 0.107425 0.0377628 0.017966 0.0900143 
0.022716 0.0434348 0.0739008 0.071195 0.0383255 0.049579 0.0516313 0.0197762 0.0122796 0.0186066 0.0753017 0.202308 0.108765 0.0153481 0.0314413 0.0357573 0.0096614 0.049051 0.036347 0.0345738 
0.00332761 0.0163777 0.175746 0.00520415 0.00377972 0.00470362 0.0066551 0.00064734 0.532369 0.0449613 0.013776 0.00660723 0.00250559 0.113109 0.00217608 0.043678 0.00224807 0.00287526 0.015779 0.0034743 
0.0635601 0.0649017 0.0172629 0.0258898 0.118468 0.0385422 0.0647455 0.0243826 0.0671426 0.0383599 0.0466421 0.0381075 0.0391155 0.120427 0.0693601 0.0513142 0.0263919 0.0137954 0.0390134 0.0325772 
0.0506363 0.0756955 0.0180986 0.0440264 0.187994 0.0512233 0.026109 0.0298463 0.0441801 0.025631 0.0185183 0.0605927 0.0701474 0.0702934 0.0188698 0.013488 0.096492 0.0296859 0.028367 0.0401047 
0.0638398 0.0481439 0.040111 0.0426468 0.0270879 0.0296975 0.0318273 0.0367334 0.0214248 0.016337 0.20567 0.0510485 0.0509042 0.0521393 0.0918432 0.0237317 0.0416963 0.0328843 0.0782767 0.0139562 
0.00175034 0.00995895 0.158143 0.0120813 0.0873146 0.0155688 0.162749 0.00187813 0.0220566 0.14955 0.0123277 0.0941504 0.154258 0.0546551 0.0205318 0.00425221 0.0180761 0.000704601 0.0162585 0.00373514 
0.0243182 0.0592871 0.0330974 0.0546415 0.0168244 0.0613875 0.0450923 0.0489942 0.0264797 0.0498149 0.0980063 0.0517439 0.044119 0.0298756 0.0669776 0.0176267 0.0373529 0.0531055 0.144135 0.0371199 
0.0161421 0.0139695 0.0612218 0.0335104 0.0447543 0.0384999 0.0274659 0.0698864 0.0367331 0.0493889 0.123785 0.0508288 0.0261026 0.107395 0.0297281 0.0850151 0.0265105 0.0219121 0.0404636 0.096687 
0.0242403 0.0508625 0.0477237 0.0406471 0.0545692 0.0494148 0.0462212 0.0639813 0.0227675 0.0939326 0.0509857 0.0415762 0.0433168 0.0485769 0.0652344 0.0544737 0.048203 0.0307103 0.0712324 0.0513302 
0.0610186 0.0300222 0.0129165 0.0954075 0.0986119 0.0366588 0.0449801 0.0392912 0.0428525 0.0793015 0.0477033 0.0330848 0.0480517 0.0558981 0.05023 0.0674482 0.0310595 0.0508872 0.0278509 0.0467254 
0.0237563 0.103955 0.0449749 0.0248708 0.017324 0.0490207 0.0574307 0.0524278 0.0767975 0.0537721 0.146669 0.0240012 0.0889997 0.068159 0.0515659 0.0331388 0.011173 0.016323 0.0239533 0.0316873 
0.0260356 0.200302 0.0146947 0.0168549 0.0591604 0.0435164 0.0325458 0.0347903 0.0446475 0.0882816 0.0131928 0.0336641 0.011645 0.0311782 0.0164504 0.0789093 0.0479216 0.15659 0.035871 0.0137486 
0.0319809 0.016491 0.0277135 0.0741533 0.232731 0.0361391 0.0595982 0.0411638 0.0316915 0.0175065 0.0309912 0.0303198 0.0447526 0.0305507 0.0864708 0.0292509 0.0419826 0.0786936 0.00743193 0.0503872 
0.0143468 0.0474229 0.164738 0.0630781 0.0246923 0.0626749 0.11696 0.0758966 0.0260661 0.10092 0.0191093 0.0131689 0.0259431 0.0128819 0.0138351 0.0760332 0.0627292 0.0195411 0.0328839 0.0270789 
0.0126891 0.0117638 0.0100674 0.0217106 0.0362746 0.0283017 0.0830149 0.0343422 0.0206706 0.04167 0.0742492 0.0227513 0.00642774 0.00836841 0.00642632 0.0226543 0.175248 0.311918 0.0346092 0.0368421 
0.0590085 0.0159013 0.0262728 0.0711272 0.0380095 0.0116615 0.0340723 0.0115713 0.0189292 0.0319296 0.0355499 0.0444311 0.0227715 0.115587 0.0642231 0.227245 0.00780681 0.0312975 0.0356711 0.096934 
0.00185584 0.019042 0.00277338 0.0273407 0.131165 0.00800797 0.00122588 0.0212887 0.0121295 0.00219585 0.00633621 0.0121537 0.00371771 0.707741 0.000397817 0.0300926 0.00295069 0.00399457 0.00222989 0.00336171 
0.0122081 0.0150916 0.0218262 0.0190496 0.0920098 0.0418753 0.0272823 0.163567 0.134826 0.124952 0.0152991 0.0945309 0.0296262 0.0221003 0.00634526 0.0825452 0.0049583 0.013308 0.0635728 0.015026 
0.0969832 0.256603 0.00232034 0.0142947 0.0551389 0.0510199 0.00867676 0.00343482 0.0111772 0.00434043 0.00545977 0.0475039 0.177369 0.0429341 0.041014 0.0224301 0.0490451 0.0493819 0.00465349 0.0562187 
0.0535644 8.9125e-05 0.12487 8.91271e-05 8.91306e-05 8.91271e-05 8.91276e-05 0.392253 0.160506 8.91321e-05 8.91295e-05 0.213993 0.0357403 8.91295e-05 8.91285e-05 8.91327e-05 8.91293e-05 0.0179143 8.91227e-05 8.91295e-05 
0.0314891 0.0634408 0.0402855 0.0450721 0.0817311 0.0352338 0.0816626 0.0440142 0.0502874 0.0499304 0.0432763 0.0274624 0.0555835 0.0295893 0.0540988 0.0872338 0.0182447 0.0592119 0.0285533 0.0735989 
0.0153385 0.0349438 0.0521811 0.0957697 0.0427958 0.0675927 0.0243994 0.037144 0.00966299 0.0183341 0.0224723 0.0338946 0.0378655 0.0321832 0.0223876 0.0699578 0.0895212 0.0161242 0.237146 0.0402855 
0.0523538 0.440677 0.0404348 0.0147948 0.0318452 0.0198855 0.0496848 0.010539 0.0262162 0.00733553 0.0246302 0.0107044 0.0888829 0.0146074 0.0433109 0.023997 0.0526289 0.0159131 0.0183223 0.0132365 
0.0848982 0.0429131 0.0310672 0.0339999 0.0233408 0.039594 0.0587828 0.0802346 0.014938 0.0403927 0.0339284 0.0227568 0.0271507 0.0323503 0.0786556 0.0487952 0.145682 0.0406103 0.0611316 0.0587774 
0.00537317 0.0184218 0.0807555 0.0818928 0.002684 0.0317577 0.0436884 0.05496 0.0199994 0.0519248 0.211267 0.0111076 0.0181676 0.00789909 0.110149 0.021849 0.017254 0.102436 0.0158046 0.0926078 
0.0461158 0.034792 0.0145151 0.0200037 0.00961722 0.0221033 0.0272578 0.00984229 0.442167 0.00339207 0.0129683 0.0348228 0.0211446 0.0498133 0.0137568 0.0470009 0.0634771 0.00880426 0.0438583 0.0745472 
0.00645599 0.00594466 0.0174687 0.00491692 0.0484335 0.66442 0.00993396 0.0244856 0.00426952 0.0122293 0.0326182 0.0603402 0.0428599 0.00327958 0.00407411 0.001303 0.0237146 0.00377426 0.0125715 0.0169065 
0.0229583 0.0351719 0.0256764 0.0552656 0.0449597 0.0513907 0.0563639 0.0768307 0.0350378 0.0550034 0.0976061 0.0837615 0.0376481 0.0349318 0.0397753 0.0482999 0.0504286 0.0537809 0.0435502 0.0515594 
0.0138185 0.0221425 0.02312 0.055642 0.0625311 0.027874 0.0434088 0.106781 0.042869 0.0464438 0.0540125 0.0235898 0.109057 0.0735353 0.0301966 0.0433235 0.0805106 0.0497675 0.0369514 0.0544256 
0.112796 0.0295488 0.0108204 0.0218032 0.0247613 0.163813 0.0650608 0.0208462 0.0599233 0.0168975 0.108747 0.00935064 0.0409662 0.0693393 0.0159697 0.0423678 0.0308719 0.00903185 0.0731295 0.0739556 
0.010825 0.0435358 0.0432717 0.0369258 0.0205605 0.0272153 0.0704536 0.0547757 0.0834358 0.11318 0.0517538 0.0136857 0.24843 0.0481798 0.0133478 0.0173117 0.0549869 0.00830739 0.0332329 0.00658448 
0.0573042 0.055582 0.0376921 0.0222727 0.0551519 0.0583609 0.054019 0.0174855 0.0703475 0.0115653 0.0185194 0.0130198 0.0285416 0.0192053 0.0166965 0.0278661 0.0980859 0.0200919 0.250766 0.0674264 
0.0159537 0.038968 0.0258474 0.0552041 0.0208505 0.0616667 0.0488572 0.0308155 0.039173 0.0377638 0.0192022 0.0729109 0.0690136 0.11497 0.0179891 0.0608219 0.0821873 0.136554 0.0179863 0.0332649 
0.00387589 0.016583 0.0254747 0.0665642 0.0677951 0.0574721 0.104587 0.0293273 0.0629243 0.00865232 0.0134052 0.0407905 0.0843644 0.122179 0.00765537 0.0343199 0.0815168 0.100455 0.024729 0.0473279 
0.052027 0.120381 0.024952 0.00883309 0.045823 0.0625976 0.0175322 0.0539272 0.0256007 0.0332163 0.161409 0.0954494 0.0395089 0.0861834 0.0462553 0.0146271 0.0357581 0.00966656 0.0502092 0.016043 
0.0123059 0.015312 0.0537367 0.00769971 0.0599174 0.0774472 0.116381 0.0359375 0.0945284 0.113365 0.0413129 0.0446188 0.021255 0.0832505 0.0320744 0.0500498 0.0304571 0.0350486 0.0190505 0.0562524 
0.000354597 0.000354594 0.000354613 0.000354603 0.000354617 0.000354602 0.000354605 0.354961 0.000354577 0.000354622 0.638656 0.000354602 0.000354605 0.000354612 0.000354608 0.000354625 0.000354611 0.000354598 0.000354585 0.000354612 
0.109473 0.0255004 0.021792 0.032025 0.0163881 0.137371 0.0349339 0.0631018 0.028341 0.0217313 0.0568562 0.0794429 0.0191755 0.0405609 0.0727739 0.0353735 0.0525915 0.0350184 0.00929522 0.108254 
0.0126135 0.105798 0.0253455 0.0301248 0.408025 0.0103623 0.0212277 0.0187067 0.0193866 0.0280376 0.0355543 0.0250125 0.0170871 0.0140386 0.0441748 0.0131597 0.0285019 0.0297158 0.00960199 0.103526 
4.0219e-05 8.49266e-09 2.31734e-05 6.03587e-05 0.0493923 9.09187e-05 2.2338e-05 5.08171e-05 9.22029e-09 0.0139978 6.19544e-06 0.307935 0.00639275 0.00494127 0.508186 2.44353e-05 0.0762606 2.83295e-05 8.84728e-09 0.0325472 
0.00532975 0.0385095 0.110365 0.00330152 0.00932792 0.0205465 0.012997 0.137744 0.0640416 0.00834497 0.261695 0.0335822 0.0377214 0.0233463 0.072796 0.0256448 0.0980171 0.00294804 0.0202921 0.0134496 
0.0219934 0.0162813 0.0235398 0.0152334 0.012216 0.0168626 0.0144418 0.0363591 0.0179055 0.012343 0.0115857 0.536196 0.111972 0.0297959 0.00615745 0.00710391 0.0143134 0.0196134 0.015627 0.0604603 
0.00172951 0.065826 0.0386158 0.0604052 0.116859 0.0363712 0.0169537 0.045484 0.0940137 0.00341185 0.00900607 0.00156743 0.0660134 0.0285982 0.0266884 0.00942396 0.26809 0.00769224 0.0113857 0.0918639 
0.0176105 0.0142436 0.013631 0.027402 0.0137624 0.00917913 0.027783 0.664475 0.0651391 0.0207034 0.013503 0.0087301 0.0231835 0.00874447 0.0102162 0.0172188 0.0118636 0.014765 0.0100945 0.00775199 
0.127913 0.0749939 0.0289814 0.0414457 0.0331776 0.0275665 0.0276624 0.0338079 0.0391001 0.0587209 0.0220826 0.0544468 0.088946 0.063204 0.0508236 0.0396974 0.0569281 0.0562903 0.0231041 0.0511079 
0.034826 0.0268606 0.0486535 0.0412474 0.0347605 0.0571196 0.0325594 0.0899416 0.0308169 0.0129588 0.0371102 0.154267 0.0468239 0.048484 0.0457153 0.0463948 0.0486332 0.0879957 0.0261245 0.0487073 
0.0406659 0.0185054 0.175976 0.0220854 0.0965428 0.0438975 0.0299596 0.0517918 0.0348986 0.121571 0.0495802 0.0508949 0.0264777 0.0334833 0.0347082 0.0174686 0.0262093 0.0415496 0.0500798 0.0336543 
0.232397 0.146796 0.0996505 0.0262576 0.0510014 0.0150898 0.00139787 0.0290277 0.161099 0.0964352 0.023453 0.0150032 0.00606168 0.0320749 0.000268968 0.0166445 0.00477633 0.0372125 0.00110706 0.00424512 
0.0188159 0.0104952 0.0781889 0.0245594 0.0467864 0.0370182 0.00219207 0.0107624 0.138708 0.0166837 0.0054662 0.0470116 0.038392 0.0711193 0.19225 0.0904516 0.00259261 0.0787456 0.069321 0.0204399 
0.0273899 0.0111106 0.0315639 0.0143589 0.0272367 0.0318028 0.14927 0.0336312 0.0340627 0.0107778 0.0352051 0.0125644 0.0146616 0.0394061 0.033381 0.0457374 0.0470733 0.292524 0.0765002 0.0317429 
0.0499988 0.0499984 0.0500011 0.0499996 0.0500016 0.0499996 0.0499999 0.0500002 0.049996 0.0500024 0.050001 0.0499995 0.0499999 0.0500009 0.0500004 0.0500028 0.0500009 0.0499989 0.0499971 0.0500009 
0.027277 0.0515713 0.0248428 0.0462259 0.0612802 0.0338847 0.0743572 0.0413932 0.0661956 0.00997563 0.0403047 0.0393243 0.102501 0.0401892 0.0156165 0.0323177 0.097263 0.0675196 0.0489259 0.0790346 
0.0083072 0.0260095 0.0725555 0.0254998 0.0448844 0.180781 0.0319231 0.0572946 0.0124966 0.0231254 0.048837 0.0875524 0.0581301 0.0155199 0.04999 0.0293088 0.0488105 0.132186 0.0301151 0.0166727 
0.0401538 0.0515893 0.0186941 0.0728403 0.0648147 0.0400775 0.0604397 0.0350418 0.0350973 0.0280723 0.0527939 0.0370828 0.140843 0.0372808 0.113054 0.038649 0.0176389 0.0478223 0.03381 0.034205 
0.254407 0.0355263 0.0162503 0.0248693 0.0496599 0.0317608 0.0235123 0.0201419 0.0233082 0.0201859 0.194615 0.0236302 0.0794994 0.0296781 0.0211745 0.0388914 0.0322953 0.0168216 0.0186446 0.0451286 
0.00730818 0.0247145 0.0193889 0.0147853 0.0271951 0.0298657 0.0208533 0.0270773 0.0185901 0.565106 0.0292993 0.0513662 0.0278702 0.0375638 0.016511 0.00645357 0.0244973 0.00903067 0.0191382 0.0233851 
0.286044 0.0024615 0.104572 0.00127419 0.00246919 0.00149796 0.0255801 0.000391157 0.0244551 0.00100494 0.0434408 5.5387e-07 0.00472615 0.285831 0.00212147 0.00363189 0.109256 0.00150557 0.0253718 0.0743647 
8.3661e-06 0.0470425 0.556899 0.0458431 4.89318e-06 0.0620626 0.227178 0.00465291 5.71594e-06 0.0028111 1.30506e-05 4.49726e-06 0.0192143 1.32346e-06 0.0079441 0.0124798 2.85654e-05 0.00597152 0.00781841 1.65267e-05 
0.00904704 0.0112667 0.0135296 0.0175023 0.049153 0.0687127 0.0316001 0.0167356 0.043368 0.016476 0.0815065 0.0171676 0.021524 0.00660987 0.164785 0.0631937 0.0411897 0.05203 0.243193 0.0314096 
0.0325903 0.0266539 0.0218265 0.0259484 0.142366 0.0278894 0.027163 0.0272589 0.0212709 0.117764 0.0149638 0.0600654 0.083208 0.0141033 0.0210278 0.0872415 0.062205 0.100746 0.0677468 0.0179618 
0.0337928 0.00433062 0.0658597 0.0397333 0.0316186 0.128077 0.013944 0.167257 0.00632396 0.0188932 0.00941583 0.0286785 0.0353789 0.0231047 0.262536 0.0542067 0.0102016 0.0417672 0.00952983 0.0153493 
0.00668429 0.0572494 0.0243542 0.200095 0.130641 0.0294477 0.12264 0.0184987 0.0241601 0.0499119 0.00730881 0.00732454 0.0788146 0.0333349 0.100904 0.00719963 0.0166593 0.0558982 0.00978806 0.019086 
0.0268342 0.0196464 0.0229265 0.0448404 0.0298648 0.0456891 0.0515523 0.0524136 0.0385477 0.01773 0.074729 0.0717026 0.14341 0.113378 0.0924088 0.0495389 0.0183696 0.0456751 0.0171755 0.0235675 
0.0411827 0.026559 0.155459 0.047151 0.0402428 0.0385027 0.0349779 0.0360402 0.00726176 0.0245245 0.0342534 0.0158176 0.0583277 0.0474185 0.0944432 0.0418018 0.141998 0.0384995 0.0462748 0.0292639 
0.00616652 0.0110127 0.0872103 0.0227444 0.0524941 0.00740867 0.00709686 0.0655098 0.0119275 0.0638369 0.0123255 0.072615 0.0306798 0.0164499 0.0507657 0.00998528 0.326327 0.11697 0.024564 0.00391059 
0.00145816 0.000214558 0.000176522 0.000166828 0.32574 1.96901e-05 0.000172722 0.000353252 0.654592 0.00116398 0.0048272 0.000245416 0.000499241 0.000129405 0.000169805 0.000172879 4.63335e-05 0.000290542 1.08271e-05 0.00955094 
0.00705086 0.0222 0.0483398 0.00470889 0.0198233 0.163314 0.00913229 0.0504937 0.00819878 0.0163312 0.0517082 0.182336 0.0192869 0.0278998 0.00804553 0.0880901 0.00948815 0.00419791 0.251347 0.00800793 
0.0447275 0.0347927 0.062335 0.0613432 0.0429538 0.0543274 0.0394348 0.066279 0.0732579 0.0912974 0.0556614 0.0411616 0.0341224 0.0778756 0.0319739 0.0733903 0.0214949 0.0311086 0.0259189 0.0365436 
0.0221982 0.019619 0.0377838 0.0178342 0.0340766 0.0158298 0.0320062 0.0177691 0.0400174 0.0171734 0.0254171 0.00539461 0.0253798 0.0260068 0.0326968 0.0283709 0.126978 0.380068 0.0264693 0.0689113 
0.0251539 0.347679 0.030965 0.0249762 0.0327004 0.0555546 0.0585462 0.0480023 0.0103561 0.0442681 0.0179412 0.0609652 0.010414 0.00837851 0.0189637 0.057747 0.0138409 0.0227858 0.0877805 0.022981 
0.0224767 0.0848308 0.0342557 0.016217 0.0514922 0.0302011 0.02451 0.0332127 0.0423901 0.0559158 0.0320103 0.128113 0.0827921 0.108125 0.0425607 0.0664618 0.0313681 0.0362433 0.0250195 0.0518044 
0.0164172 0.0576866 0.0116303 0.00931804 0.0243504 0.0318267 0.0624907 0.0806798 0.00460489 0.0626842 0.055461 0.250157 0.0166849 0.00668226 0.0288222 0.0214587 0.00328335 0.00452517 0.246389 0.00484681 
0.00269003 0.0175984 0.0357971 0.0199186 0.00991682 0.0119487 0.0426648 0.000301402 0.0287693 0.0215414 0.0195063 0.00462244 0.0565354 0.0302348 0.0100568 0.096406 0.00746168 0.00815874 0.571018 0.00485347 
0.00128101 0.00726433 0.0317194 0.011339 0.0222289 0.00439151 0.0133011 0.00714567 0.00293879 0.0425754 0.0105271 0.0123018 0.0125094 0.0138363 0.00438499 0.00908351 0.011663 0.0221062 0.0176059 0.741797 
0.0828433 0.0365988 0.0161462 0.0357519 0.0178224 0.1012 0.177805 0.0269389 0.0227911 0.0502195 0.0434424 0.0466467 0.0277058 0.0494712 0.0370273 0.0830905 0.0220314 0.0306549 0.0537476 0.0380654 
0.0327545 0.0504982 0.0228729 0.0239047 0.0271224 0.015978 0.00270825 0.101126 0.00201938 0.0655933 0.107258 0.05324 0.0385076 0.0396208 0.0495916 0.202138 0.050588 0.0176647 0.0342091 0.062605 
0.0251879 0.0123071 0.0258892 0.0218306 0.0352407 0.146959 0.0640627 0.01411 0.0276076 0.0119223 0.0514743 0.0169683 0.0172001 0.0284871 0.107968 0.103107 0.107348 0.0239234 0.0393151 0.119092 
0.0249042 0.0908039 0.0624781 0.09715 0.0269282 0.0444416 0.0847906 0.0357581 0.0223508 0.0692459 0.031307 0.0214703 0.0443441 0.0490828 0.0339258 0.0542804 0.0794029 0.0759156 0.0204397 0.03098 
0.0160826 0.042365 0.00785894 0.0299544 0.0173037 0.153136 0.0293948 0.00407334 0.012253 0.27874 0.0134441 0.0442451 0.0156783 0.0170572 0.0439045 0.181631 0.00882273 0.044096 0.0205716 0.0193882 
0.0534955 0.0399006 0.040162 0.0289992 0.0450258 0.0349372 0.141059 0.0711201 0.0631764 0.0821413 0.0071429 0.0128489 0.130322 0.0170676 0.0486415 0.0629915 0.0650305 0.0138745 0.0284859 0.0135779 
0.0158791 0.0189222 0.0550901 0.0058923 0.09634 0.181989 0.0153566 0.0531782 0.00767381 0.0354591 0.105267 0.057888 0.15546 0.0509628 0.00766844 0.0293258 0.00964591 0.0097242 0.0192401 0.0690381 
0.0334984 0.0872687 0.0901744 0.0372782 0.0266272 0.0655692 0.0899799 0.018064 0.0444297 0.0304834 0.0395672 0.0281529 0.0431087 0.0325801 0.0227486 0.0415715 0.103095 0.02781 0.0546239 0.0833689 
0.0228176 0.0197581 0.0192196 0.097883 0.0584627 0.0645055 0.0807137 0.101089 0.02324 0.0553388 0.0352633 0.0158692 0.0435359 0.0535768 0.043288 0.0364399 0.0402553 0.0927887 0.075165 0.0207904 
0.00780282 0.015716 0.0365393 0.0192736 0.0402899 0.0152904 0.0261434 0.0284292 0.00643943 0.146687 0.0256967 0.042775 0.292978 0.0124702 0.0258744 0.086251 0.0277914 0.0107767 0.105793 0.0269821 
0.00354435 0.0202981 0.0464039 0.0387015 0.144608 0.0148204 0.0380251 0.0995247 0.0399435 0.0206005 0.0194836 0.010697 0.0756246 0.0107445 0.0169814 0.00739418 0.129381 0.0676864 0.00711122 0.188426 
0.0303711 0.0635154 0.0269656 0.0361956 0.120546 0.0165323 0.158843 0.013674 0.0373917 0.0283275 0.0371949 0.0780772 0.0485972 0.028408 0.0888395 0.0417355 0.0390836 0.0466398 0.0202805 0.0387818 
0.0412546 0.0281339 0.0721031 0.0283054 0.168921 0.0181997 0.0169434 0.0136 0.0129601 0.0432499 0.021745 0.0551607 0.0333258 0.0492718 0.0208121 0.259824 0.0164897 0.0339388 0.0275365 0.0382247 
0.663363 0.00729949 0.0191053 0.00995525 0.0114414 0.00631519 0.0459074 0.0158183 0.00699272 0.0209192 0.0142048 0.0135135 0.0127141 0.00824953 0.00863283 0.0205191 0.00329456 0.00642233 0.0366382 0.0686943 
0.00825246 0.0117052 0.00904498 0.0163433 0.0221247 0.0115952 0.219237 0.00461784 0.0012185 0.113084 0.0152143 0.00628336 0.436033 0.00518092 0.0145732 0.0635881 0.00460454 0.0186569 0.0144935 0.00414857 
0.0187317 0.129432 0.0262209 0.0491801 0.0446021 0.0536564 0.0197705 0.0483275 0.0715846 0.0445731 0.0872026 0.0256086 0.0419736 0.05692 0.0359929 0.018465 0.0781605 0.0176199 0.0489645 0.0830137 
0.026884 0.0114337 0.0162205 0.10859 0.229045 0.0271549 0.0257665 0.0403643 0.0755463 0.0213086 0.038645 0.0661359 0.0326532 0.0375594 0.0605137 0.0637639 0.0422655 0.0314652 0.0225524 0.0221321 
0.0333595 8.31902e-05 8.31947e-05 8.31922e-05 0.0832791 8.31922e-05 8.31927e-05 8.31931e-05 8.31863e-05 0.515903 8.31945e-05 0.0167216 8.31927e-05 8.31944e-05 0.199748 0.0167227 8.31943e-05 8.3191e-05 0.133184 8.31944e-05 
0.0323548 0.0522069 0.0483478 0.018898 0.331519 0.0217761 0.0175076 0.0261671 0.017601 0.0389725 0.0206174 0.0172773 0.0334984 0.197096 0.0282106 0.0142901 0.0166582 0.0237904 0.0344369 0.00877364 
0.0314811 0.0631816 0.0250309 0.0156822 0.0291995 0.133548 0.0604933 0.069517 0.0477076 0.0514655 0.0750701 0.0480077 0.0264921 0.0870417 0.0380223 0.0326254 0.0826877 0.0093014 0.0391403 0.0343049 
0.0345808 0.0143278 0.0669116 0.0523119 0.0357673 0.0906227 0.0389398 0.0464651 0.0190747 0.103468 0.0522362 0.0383303 0.0267117 0.0689931 0.0351121 0.0242843 0.0950114 0.0534323 0.0398458 0.0635736 
0.108213 0.0124573 0.0124577 0.0373203 0.0240522 0.0237398 0.0705094 0.0413468 0.0488363 0.0349006 0.027539 0.0466961 0.0550325 0.0675336 0.0671881 0.0972273 0.0569409 0.0429837 0.108164 0.0168617 
0.125868 0.0295287 0.0338028 0.0298125 0.0295945 0.0321598 0.0470112 0.0489372 0.0201626 0.0270416 0.0461818 0.0187225 0.052702 0.0219848 0.0516019 0.0297548 0.222698 0.0351625 0.029478 0.0677948 
0.022976 0.131857 0.0540846 0.0325061 0.030281 0.0136592 0.0306082 0.215815 0.062471 0.0121044 0.0819164 0.0235782 0.00966845 0.0934134 0.0198802 0.0294686 0.0770302 0.00334234 0.0433124 0.0120269 
0.0258103 0.0491738 0.0777291 0.0438643 0.062904 0.0173971 0.0477534 0.0603898 0.046238 0.0745785 0.0449879 0.0695616 0.0304085 0.137739 0.0325959 0.0474816 0.0262763 0.0244151 0.0407488 0.0399471 
0.0202845 0.111057 0.0233351 0.108787 0.0759588 0.0689483 0.0157838 0.128352 0.0867561 0.0283955 0.0184044 0.0161772 0.148744 0.00289386 0.0564408 0.00282557 0.0174758 0.0032537 0.0652585 0.000869168 
0.109814 0.0338372 0.0178749 0.0665221 0.0874201 0.0316014 0.0524553 0.0119732 0.0352618 0.114866 0.0328807 0.0185047 0.0826734 0.0412035 0.0266813 0.083637 0.0299219 0.0306906 0.0229479 0.0692333 
0.018713 0.0434313 0.0188658 0.0260774 0.0575067 0.0449372 0.0382051 0.0724165 0.015125 0.0448609 0.0988119 0.0439699 0.0346539 0.0125768 0.328614 0.0101267 0.0114162 0.0213353 0.0238501 0.0345066 
0.0491838 6.78834e-06 0.0224745 0.0191967 0.322339 0.0162038 1.05814e-05 0.161517 0.0601529 0.0569864 0.0916573 0.0300667 0.0117287 0.021614 7.14421e-06 0.0861493 0.0135653 0.00719792 0.0159666 0.013976 
0.0170806 0.0132796 0.0295984 0.144419 0.0336326 0.0162705 0.0861053 0.0994637 0.01024 0.0557601 0.0841888 0.0212219 0.015396 0.0604909 0.0194996 0.0349355 0.0220416 0.207616 0.00874064 0.0200182 
0.0746814 0.247995 0.00660002 0.0092529 0.0339278 0.0672079 0.0386716 0.0118443 0.0258092 0.021472 0.0427765 0.0299159 0.198595 0.0198521 0.0482437 0.0180637 0.0557213 0.0101462 0.0106764 0.0285468 
0.297797 0.0236385 0.0409426 0.0136168 0.0151374 0.0135384 0.0523615 0.14428 0.0288929 0.0406133 0.0244959 0.0101591 0.0152867 0.0095955 0.191874 0.0128348 0.0240949 0.00624007 0.0146842 0.0199163 
0.032073 0.0824166 0.0300621 0.0281809 0.0441062 0.0247366 0.0448949 0.0233164 0.0328276 0.0285494 0.0531293 0.0263489 0.0651649 0.215981 0.0305468 0.0277493 0.033507 0.0172537 0.0301315 0.129024 
0.0513036 0.112501 0.182702 0.011159 0.0430997 0.0480676 0.0165755 0.019339 0.057346 0.020361 0.0413983 0.0120301 0.0301163 0.021455 0.00858798 0.032319 0.0502856 0.188397 0.0468614 0.00609458 
0.0336212 0.0105827 0.030417 0.0294594 0.0736374 0.0163908 0.0200315 0.0188701 0.0234208 0.0696571 0.00753921 0.00914488 0.0810897 0.463586 0.0107063 0.000725703 0.0215058 0.00378253 0.0381453 0.0376861 
0.041759 0.0410563 0.0278451 0.0367241 0.0309757 0.0939828 0.0622047 0.0249686 0.0897841 0.0132028 0.0915193 0.019508 0.063955 0.0229953 0.0585776 0.0562692 0.0581777 0.0426818 0.0537485 0.0700644 
0.0716297 0.024488 0.0166718 0.0161663 0.156639 0.0525357 0.0440948 0.0208452 0.0661731 0.058056 0.0169188 0.0148141 0.149839 0.0407053 0.0148809 0.010016 0.0892205 0.021121 0.105783 0.009402 
0.016892 0.00920455 0.0198288 0.0159941 0.0192297 0.454181 0.00436845 0.00805899 0.0120942 0.00891817 0.013741 0.0044474 0.0128109 0.29806 0.00553161 0.0424446 0.0220526 0.0191364 0.00688405 0.00612199 
0.0153774 0.0721468 0.0312691 0.0357674 0.122141 0.0225216 0.0353974 0.0330105 0.0859799 0.0130088 0.0502869 0.0175953 0.0618006 0.0349491 0.0249352 0.0201931 0.163507 0.010527 0.0222105 0.127376 
